Caminho (0) [23, 21, 12, 2, 17, 0, 16, 19, 7, 26, 11, 24, 9, 18, 15, 20, 25, 4, 22, 6, 10, 5, None, 1, 3, 27, 29, 8, 28, 14, 13]
Peso: 798.0
Caminho (1) [23, 21, 12, 2, 17, 0, 16, 19, 7, 26, 11, 24, 9, 18, 15, 20, 25, 4, 22, 6, 10, 5, None, 1, 3, 27, 29, 8, 28, 14, 13]
Peso: 798.0
Caminho (2) [14, 28, 8, 29, 27, 13, 3, 0, 21, 23, 10, 5, 12, 2, 17, 16, 19, 7, 26, 11, 24, 9, 18, 15, 20, 25, 4, 22, 6, None, 1]
Peso: 821.0
Caminho (3) [15, 20, 25, 4, 22, 6, 18, 7, 26, 11, 24, 9, 19, 16, 0, 21, 23, 10, 5, None, 1, 3, 27, 29, 8, 28, 14, 13, 12, 2, 17]
Peso: 798.0
Caminho (4) [11, 26, 7, 19, 16, 0, 21, 23, 10, 5, None, 1, 3, 27, 29, 8, 28, 14, 13, 12, 2, 17, 18, 15, 20, 25, 4, 22, 6, 24, 9]
Peso: 798.0
Caminho (5) [13, 27, 29, 8, 28, 14, 3, 0, 21, 23, 10, 5, 12, 2, 17, 16, 19, 7, 26, 11, 24, 9, 18, 15, 20, 25, 4, 22, 6, None, 1]
Peso: 821.0
Caminho (6) [4, 22, 6, 25, 20, 15, 18, 7, 26, 11, 24, 9, 19, 16, 0, 21, 23, 10, 5, None, 1, 3, 27, 29, 8, 28, 14, 13, 12, 2, 17]
Peso: 798.0
Caminho (7) [29, 27, 13, 3, 0, 21, 23, 10, 5, 12, 2, 17, 16, 19, 7, 26, 11, 24, 9, 18, 15, 20, 25, 4, 22, 6, None, 1, 8, 28, 14]
Peso: 821.0
Caminho (8) [4, 22, 6, 25, 20, 15, 18, 7, 26, 11, 24, 9, 19, 16, 0, 21, 23, 10, 5, None, 1, 3, 27, 29, 8, 28, 14, 13, 12, 2, 17]
Peso: 798.0
Caminho (9) [17, 2, 21, 23, 10, 5, None, 1, 3, 27, 29, 8, 28, 14, 13, 12, 0, 16, 19, 7, 26, 11, 24, 9, 18, 15, 20, 25, 4, 22, 6]
Peso: 798.0
